name: ascp
channels:
  - bioconda
  - conda-forge
  - hcc
dependencies:
  - _libgcc_mutex=0.1=conda_forge
  - _openmp_mutex=4.5=2_gnu
  - aspera-cli=3.9.6=h5e1937b_0
  - c-ares=1.34.5=hb9d3cd8_0
  - ca-certificates=2025.10.5=hbd8a1cb_0
  - curl=8.17.0=h4e3cde8_0
  - icu=75.1=he02047a_0
  - keyutils=1.6.3=hb9d3cd8_0
  - krb5=1.21.3=h659f571_0
  - libcurl=8.17.0=h4e3cde8_0
  - libedit=3.1.20250104=pl5321h7949ede_0
  - libev=4.33=hd590300_2
  - libgcc=15.2.0=h767d61c_7
  - libgcc-ng=15.2.0=h69a702a_7
  - libgomp=15.2.0=h767d61c_7
  - libiconv=1.18=h3b78370_2
  - liblzma=5.8.1=hb9d3cd8_2
  - libnghttp2=1.67.0=had1ee68_0
  - libssh2=1.11.1=hcf80075_0
  - libstdcxx=15.2.0=h8f9b012_7
  - libstdcxx-ng=15.2.0=h4852527_7
  - libxcrypt=4.4.36=hd590300_1
  - libxml2=2.14.6=h26afc86_2
  - libxml2-16=2.14.6=ha9997c6_2
  - libzlib=1.3.1=hb9d3cd8_2
  - ncbi-vdb=3.2.1=h9948957_0
  - ncurses=6.5=h2d0b736_3
  - openssl=3.5.4=h26f9b46_0
  - ossuuid=1.6.2=h5888daf_1001
  - perl=5.32.1=7_hd590300_perl5
  - perl-alien-build=2.84=pl5321h7b50bb2_1
  - perl-alien-build-plugin-download-gitlab=0.01=pl5321hdfd78af_0
  - perl-alien-libxml2=0.20=pl5321hd2ab53c_0
  - perl-business-isbn=3.007=pl5321hd8ed1ab_0
  - perl-business-isbn-data=20210112.006=pl5321hd8ed1ab_0
  - perl-capture-tiny=0.48=pl5321ha770c72_1
  - perl-carp=1.50=pl5321hd8ed1ab_0
  - perl-constant=1.33=pl5321hd8ed1ab_0
  - perl-exporter=5.74=pl5321hd8ed1ab_0
  - perl-extutils-makemaker=7.70=pl5321hd8ed1ab_0
  - perl-ffi-checklib=0.28=pl5321hdfd78af_0
  - perl-file-chdir=0.1011=pl5321hd8ed1ab_0
  - perl-file-path=2.18=pl5321hd8ed1ab_0
  - perl-file-temp=0.2304=pl5321hd8ed1ab_0
  - perl-file-which=1.24=pl5321hd8ed1ab_0
  - perl-importer=0.026=pl5321hd8ed1ab_0
  - perl-parent=0.243=pl5321hd8ed1ab_0
  - perl-path-tiny=0.124=pl5321hd8ed1ab_0
  - perl-pathtools=3.75=pl5321hb9d3cd8_2
  - perl-scope-guard=0.21=pl5321hd8ed1ab_0
  - perl-sub-info=0.002=pl5321hd8ed1ab_0
  - perl-term-table=0.025=pl5321hdfd78af_0
  - perl-test-fatal=0.016=pl5321ha770c72_0
  - perl-test-warnings=0.031=pl5321ha770c72_0
  - perl-test2-suite=0.000163=pl5321hdfd78af_0
  - perl-try-tiny=0.31=pl5321ha770c72_0
  - perl-uri=5.34=pl5321ha770c72_0
  - perl-xml-libxml=2.0210=pl5321hd2ab53c_1
  - perl-xml-namespacesupport=1.12=pl5321hd8ed1ab_0
  - perl-xml-sax=1.02=pl5321hd8ed1ab_0
  - perl-xml-sax-base=1.09=pl5321hd8ed1ab_0
  - sra-tools=3.2.1=h4304569_1
  - zstd=1.5.7=hb8e6e7a_2

prefix: "/home/jzhang/.local/share/mamba/envs/ascp"
